03084
03086
03089
03158
03162
03179
03180
03196
03197
03370
03397
03399
06002
08008
08030
08031
08062
08091
08093
08114
08115
08136
08150
08163
08171
08172
08177
08184
08197
08201
08202
08203
08206
08210
08224
08226
08249
08252
08295
08305
08308
08309
08311
08330
08331
08332
08339
08344
08345
08369
08371
08372
08391
08420
08424
08430
08432
08433
08444
08446
08448
08449
08459
08476
08497
08498
08500
08501
08543
08548
08568
08579
08607
08620
08642
08650
08705
08706
08707
08712
08725
08730
08734
08737
08738
08739
08744
08745
08749
08755
08759
08763
08766
08771
08773
08831
08843
08844
08845
08846
08854
08865
08876
08877
08878
08879
08880
08881
08891
08892
08906
08910
08911
08912
08913
08914
08915
08925
08927
08929
08933
09001
09002
09003
09004
09005
09006
09007
09009
09010
09012
09014
09015
09016
09017
09020
09024
09025
09026
13001
13002
13003
20001
20002
20003
20004
20005
20006
20007
20008
20009
20010
20011
20013
20015
20016
20017
20019
20020
20021
20022
20023
20025
20026
20027
20028
20029
20030
20031
20032
20034
20035
20036
20037
20039
20040
20041
20042
20043
20044
20045
20046
20047
20048
20049
20051
20052
20053
20054
20055
20056
20057
20058
20059
20060
20061
20063
20064
20065
20066
20067
20068
20069
20070
20071
20072
20073
20075
20076
20077
20078
20080
20081
20082
20083
20084
20085
20086
20087
20088
20089
20090
20092
20093
20094
20095
20096
20097
20098
20099
20100
20101
20102
20103
20104
20105
20106
20107
20108
20109
20110
20111
20112
20113
20114
20115
20116
20117
20118
20119
20120
20121
20122
20123
20124
20125
20126
20127
20128
20129
20130
20131
20132
20133
20134
20135
20136
20137
20138
20139
20140
20141
20142
20143
20144
20145
20146
20147
20148
20149
20150
20151
20152
20153
20154
20155
20156
20157
20158
20159
20160
20161
20162
20163
20164
20165
20166
20167
20168
20169
20170
20171
20172
20173
20174
20175
20176
20177
20178
20179
20180
20181
20182
20183
20184
20185
20186
20187
20188
20189
20190
20191
20192
20193
20194
20195
20196
20197
20198
20199
20201
20202
20203
20204
20205
20206
20207
20208
20209
20210
20211
20212
20213
20214
20215
20216
20217
20218
20219
20220
20221
20222
20223
20224
20225
20226
20227
20228
25027
25032
25033
25034
25035
25036
25037
25038
25039
25041
25042
25044
25048
25049
25050
25051
25054
25056
25057
25058
25059
25060
25062
25064
25066
25067
25069
25071
25072
25073
25075
25076
25078
25079
25080
25081
25082
25083
25084
25085
25086
25088
25089
25090
25093
25095
25097
25101
25104
25105
25106
25107
25109
25113
25115
25117
25119
25120
25123
25124
25125
25126
25129
25130
25131
25132
25133
25134
25135
25136
25138
25139
25140
25141
25142
25143
25144
25145
25146
25148
25149
25150
25151
25152
25153
25154
25156
25157
25158
25160
25161
25162
25164
25167
25168
25169
25170
25173
25175
25176
25177
25178
25179
25180
25181
25182
25184
25185
25186
25187
25188
25189
25190
25191
25192
25193
25194
25195
25196
25198
25199
25200
25201
25202
25205
25206
25207
25208
25209
25210
25211
25212
25213
25214
25215
25218
25219
25220
25221
25224
25226
25227
25228
25229
25230
25231
25233
25234
25235
25236
25237
25239
25240
25241
25242
25243
25244
25245
25247
25248
25249
25250
25251
25253
25254
25256
25257
25258
25259
25260
25262
25265
25266
25268
25269
25270
25271
25272
25274
25275
25276
25277
25278
25279
25280
25282
25283
25284
25285
25286
25287
25288
25289
25290
25291
25292
25294
25296
25297
25298
25299
25300
25301
25302
25303
25304
25306
25307
25308
25309
25310
25311
25312
25313
25314
25315
25316
25317
25318
25319
25320
25321
25322
25323
25324
25325
25326
25327
26001
26002
26003
26004
26005
26006
26007
26008
26010
26011
26012
26013
26014
26015
26018
26019
26021
26023
26024
26025
26026
26027
26028
26029
26030
26031
26032
26033
26034
26035
26036
26037
26038
26039
26040
26041
26042
26043
26044
26045
26046
27001
27002
27003
27004
27005
27007
27008
27010
27012
27014
27016
27017
27018
27019
27020
27021
27022
27023
27024
27025
27026
27027
27028
27029
27030
27032
27033
27034
27036
27037
27038
27040
27041
27042
27101
27102
27103
27104
27105
27106
27107
27108
27109
27110
27111
27112
27203
27204
27205
27206
27207
27208
27209
27210
27211
27212
31101
31102
31105
31106
31107
31108
31109
31110
31111
31112
31113
31114
31115
31116
31117
31118
31119
31120
31121
31122
31123
31124
31125
31126
31127
31128
31129
31130
31131
31132
31133
31134
31135
31137
31138
31139
31141
31142
31143
31144
31145
31146
31147
31148
31149
31151
31152
31153
31154
31155
31156
31158
31159
31160
31161
31162
31163
31164
31165
31166
31167
31168
31169
31170
31171
31173
31174
31175
31176
31177
31178
31179
31180
31181
31182
31183
31184
31185
31186
31187
31188
31189
31190
31191
31192
31193
31194
31195
31196
31198
31199
31200
31201
31202
31203
31204
31205
31206
31207
31208
31209
31210
31211
31212
31213
31214
31215
31216
31217
31218
31219
31220
31221
31222
31223
31224
31225
31226
31227
31228
31229
31230
31231
31232
31233
31234
31235
31236
31237
31238
31239
31240
31241
31242
31243
31244
31245
31246
31247
31248
31249
31250
31251
31252
31253
31255
31256
31257
31258
31259
31260
31261
31262
31263
31266
31268
31269
31270
31271
31272
31273
31275
31276
31277
31278
31279
31280
31281
31282
31283
31284
31285
31286
31287
31288
31289
31290
31291
31292
31293
31294
31295
31296
31297
31298
31299
31300
31301
31302
31303
31304
31305
31306
31307
31308
31309
31311
31312
31313
31314
31315
31316
31317
31318
31319
31320
31321
31322
31323
31324
31325
31326
31327
31401
31402
31403
31404
31405
31406
31407
31408
31409
31410
31411
31412
31413
31414
31415
31416
31417
31418
31419
31420
31421
31422
31423
31424
33001
33002
33003
33004
33005
33006
33007
33008
33009
33010
33011
33012
33013
33014
33015
33016
33017
33018
33019
33020
33021
33022
33023
33024
33025
33026
33027
33028
33029
33030
33031
33032
33033
33034
33035
33037
33038
33039
33040
33042
33043
33044
33045
33046
33047
33048
33049
33050
33051
33052
33053
33054
33055
33056
33057
33058
33059
33060
33061
33062
33063
33064
33065
33101
33102
33103
33104
33105
33106
33107
33108
33109
33110
33111
33112
33113
33114
33115
33116
33117
33118
33119
33201
33202
33203
33204
33205
33206
33207
33208
33209
33210
33211
33212
37001
37002
37003
37004
37005
37006
37007
37008
37009
37010
37011
37012
37013
37014
37015
37016
37017
37018
37019
37020
37021
37022
37023
37024
37025
37026
37027
37028
37029
37030
37031
37032
37033
37034
37035
37036
37037
37038
37039
37040
37041
37042
37043
37044
37045
37046
37047
37048
37049
37050
37051
37052
37053
37054
37055
37056
37057
37058
37059
37060
37061
37062
37063
37064
37065
37066
37067
37068
37069
37070
37071
37072
37073
37074
37075
37076
37077
37078
37079
37080
37081
37082
37083
37084
37085
37086
37087
37088
37089
37090
37091
37092
37093
37094
37095
37096
37097
37098
37099
37100
37101
37102
37103
37104
37105
37106
37107
37108
37109
37110
37111
37112
37113
37114
37115
37116
37117
37118
37119
37120
37121
37122
37123
37124
37125
37126
37127
37128
37129
37130
37131
37132
37133
37134
37135
37136
37137
37138
37139
37140
37141
37142
37143
37144
37145
37146
37147
37148
37149
37150
37151
37152
37153
37154
37155
37156
37157
37158
37159
37160
37161
37162
37163
37164
37165
37166
37167
37168
37169
37170
37171
37172
37173
37174
37175
37176
37177
37178
37179
37180
37181
37182
37183
37184
37185
37186
37187
37188
37189
37190
37191
37192
37193
37194
37195
37196
37197
37198
37199
37200
37201
37202
37203
37204
37205
37206
37207
37208
37209
37210
37211
37212
37213
37214
37215
37216
37217
37218
37219
37220
37221
37222
37223
37224
37225
37226
37227
37228
37229
37230
37231
37232
37233
37234
37235
37236
37237
37238
37239
37240
37241
37242
37243
37244
37245
37246
37247
37248
37249
37250
37251
37252
37253
37254
37255
37256
37257
37258
37259
37260
37261
37262
37263
37264
37265
37266
37267
37268
37269
37270
37271
37272
37273
37274
37275
37276
37277
37278
37279
37280
37281
37282
37283
37284
37285
37286
37287
37288
37289
37290
37291
37292
37293
37294
37295
37296
37297
37298
37299
37300
37301
37302
37303
37304
37305
37306
37307
37308
40001
40002
40003
40004
40006
40007
40008
40009
40010
40012
40013
40014
40015
40016
40018
40019
40020
40022
40023
40024
40025
40027
40028
40029
40030
40031
40033
40034
40035
40036
40037
40044
40046
40047
40049
40050
40052
40055
40056
40057
40058
40060
40061
40062
40063
40064
40065
40067
40068
40069
40070
40073
40074
40075
40076
40077
40078
40079
40080
40081
40082
40083
40084
40085
40086
40087
40088
40090
40091
40092
40093
40094
40095
40096
40097
40099
40101
40103
40104
40106
40107
40113
40115
40117
40118
40120
40121
40122
40124
40125
40126
40127
40128
40129
40130
40131
40132
40133
40134
40135
40136
40138
40139
40140
40141
40143
40144
40145
40148
40149
40150
40152
40153
40154
40155
40157
40158
40159
40160
40162
40163
40164
40165
40166
40167
40168
40169
40170
40171
40172
40173
40174
40175
40176
40177
40178
40180
40181
40182
40183
40184
40185
40186
40187
40188
40191
40192
40193
40194
40195
40196
40197
40198
40199
45001
45002
45003
45004
45005
45006
45007
45009
45010
45011
45012
45013
45014
45015
45016
45017
45019
45020
45022
45023
45025
45026
45027
45031
45032
45033
45034
45035
45036
45037
45038
45040
45041
45042
45043
45044
45045
45046
45048
45049
45050
45051
45052
45053
45054
45055
45056
45057
45058
45059
45060
45061
45062
45063
45064
45065
45066
45068
45069
45070
45071
45072
45073
45074
45075
45076
45077
45101
45102
45103
45104
45105
45106
45107
45108
45109
45110
45111
45112
45113
45114
45115
45116
45117
45118
45119
45120
45121
45122
45123
45124
45125
45126
45127
45128
45129
45130
45131
45132
45133
45134
45135
45136
45137
45138
45139
45140
45141
45142
45143
45144
45145
45146
45147
45148
45149
45150
46001
46002
46004
46006
46007
46008
46009
46010
46011
46014
46016
46017
46018
46021
46023
46025
46026
46027
46028
46029
46031
46032
46033
46035
46036
46037
46039
46044
46045
46046
46047
46048
46049
46050
46051
46052
46055
46056
47001
47002
47003
47004
47005
47006
47007
47008
47009
47010
47011
47012
47013
47014
47015
47016
47017
47018
47019
47026
47029
47030
47032
47033
47035
47040
47041
47042
47049
47050
47051
47052
47053
47054
47055
47056
47059
47060
47061
47063
47064
47066
47068
47069
47070
47072
47074
47075
47076
47077
47078
47079
47080
47081
47082
47083
47085
47086
47087
47088
47089
47090
47091
47093
47094
47095
47096
47097
47098
47099
47100
47101
47102
47103
47104
47105
47106
47107
47108
47109
47110
47111
47112
47113
47114
47115
47116
47117
47118
47119
47120
47121
47122
47123
47124
47125
47128
47129
47130
47131
47134
47135
47136
47137
47138
47140
47141
47142
47143
47144
47145
47146
47147
47148
47149
47150
47151
47152
47155
47156
47157
47158
47159
47160
47162
47163
47165
47166
47171
47177
47178
47182
47185
47186
47187
47188
47189
47190
47191
47192
47193
47194
47195
47196
47197
47198
47199
47200
47201
47202
47203
47204
47205
47206
47207
47209
47210
47211
47212
47213
47214
47215
47216
47217
47218
47219
47220
47221
47222
47223
47224
47225
47226
47227
47228
47229
47230
47231
47232
47233
47234
47235
47236
47237
47238
47239
47240
47241
47242
47243
47244
47245
47246
47247
47248
47249
47250
47251
47252
47254
47255
47256
47257
47258
47262
47263
47264
47265
47266
47267
47268
47269
47270
47271
47272
47273
47274
47275
47276
47277
47278
47279
47280
47281
47282
47283
47284
47285
47286
47287
47288
47289
47290
47291
47292
47293
47294
47295
47296
47297
47298
47301
47302
47303
47304
47305
47306
47307
47308
47309
47310
47311
47312
47313
47314
47315
47316
47317
47318
47319
47320
47321
47322
47323
47324
47325
47326
47327
47328
47329
47330
47331
47332
47333
47334
47335
47336
47337
47338
47339
47340
47341
47342
47343
47344
47345
47346
47347
47348
47349
47350
47351
47352
47353
47354
47355
47356
47357
47358
47359
47360
47361
47362
47363
47364
47365
47366
47367
47368
47369
47370
47371
47372
47373
47374
47375
47376
47377
47378
47379
47380
47381
47401
47402
47403
47404
47405
47406
47407
47408
47409
47410
47411
47412
47413
47414
47415
47416
47417
47418
47419
47420
47421
47422
47423
47424
47425
47426
47427
47428
47429
47430
47431
47432
47433
47434
47435
47436
47437
47438
47439
47440
47441
47442
47443
47444
47445
47446
47447
47448
47449
47450
47451
47452
47453
47454
47455
47456
47457
47458
47459
47460
47461
47462
47463
47464
47465
47466
47467
47468
47469
47470
47471
47472
47473
47474
47475
47476
47477
47478
47479
47480
47481
47482
47483
47484
47485
47486
47487
47488
47489
47490
47491
47492
47497
47500
47501
47502
47503
47507
47508
47509
47510
47511
47512
47513
47515
47517
47518
47519
47520
47521
47522
47523
47524
47525
47526
47527
47528
47529
47530
47531
47532
47533
47534
47535
47536
47537
47538
47539
47540
47541
47542
47543
47544
47545
47546
47547
47549
47550
47551
47552
47553
47555
47556
47557
47558
47559
47560
47561
47562
47563
47564
47565
47566
47567
47568
47569
47570
47571
47572
47573
47574
47575
47576
47577
47578
47579
47580
47581
47582
47583
47584
47585
47701
47702
47703
47704
47705
47706
47707
47708
47709
47710
47711
47712
47901
50001
50002
50003
50004
50005
50006
50007
50008
50009
50010
50011
50012
50013
50014
50015
50016
50017
50018
50019
50020
50021
50022
50023
50024
50025
50026
50027
50028
50029
50030
50031
50032
50033
50034
50035
50036
50037
50038
50039
50040
50041
50042
50043
50044
50045
50046
50047
50048
50049
50050
55002
55004
55007
55008
55009
55010
55011
55012
55013
55014
55015
55016
55017
55018
55019
55021
55022
56001
56002
56003
56004
56005
56006
56007
56008
56009
56010
56011
56012
56013
56014
56015
56016
56017
56018
56019
56020
56021
56022
56023
56024
56025
56026
56027
56028
56029
56030
56031
56032
56033
56034
56035
56036
56037
56038
56039
56040
56041
56042
56043
56044
56045
56046
56047
56048
56049
56050
56051
56052
56053
56054
56055
56056
56057
56058
56059
56060
56061
56062
56063
56064
56065
56066
56067
56068
56069
56070
56071
56072
56073
56074
56075
56076
56077
56078
56079
56080
56081
56082
56083
56084
56085
56086
56087
56088
56089
56090
56091
56092
56093
73001
73002
73003
73004
73005
73006
73101
73102
73103
73104
73105
73106
73107
73108
73109
73110
73111
73112
73113
73114
73115
73116
73117
73118
73119
73120
73121
73122
73123
73124
73125
73126
73127
73128
73129
73130
73131
73132
73133
73134
73135
73136
73137
73138
73139
73140
73141
73142
76006
76007
76008
76009
76010
76011
76012
76013
76014
76015
76016
76021
76022
76023
76024
76025
76026
76027
76028
76029
76030
76031
76032
76033
76034
76035
76037
76038
76039
76040
76051
76054
81001
81002
81003
81004
81005
81006
81007
81008
81009
81010
81011
81012
81013
81014
81015
81016
81017
81018
81019
81020
81021
81022
82001
82002
82003
82004
82005
82006
82007
82008
83001
83002
83005
83006
83007
83008
83009
83010
83011
83012
83013
83015
85001
85002
85003
85004
85005
85006
85007
85008
85009
85010
85011
85012
85013
85014
85015
85016
85017
85018
85019
85020
85021
85022
85023
85024
85025
85026
85027
85028
85029
85030
85031
85032
85033
85034
85035
85036
85037
85038
85039
85040
86001
86002
86003
86004
86005
86006
86007
86008
86009
86010
86030
86031
86032
86033
86034
86035
86036
86037
86038
86039
86101
86102
86103
86204
86205
86206
86207
86208
86209
86210
86211
86212
86213
86214
86215
86216
86217
86218
86219
86220
86221
86222
86223
86224
86225
86226
86227
86228
86229
86230
86231
86232
86233
86234
86235
86236
86237
86238
86239
86240
86241
86242
86243
86244
86245
86246
86247
86248
86249
86250
86251
86252
86253
86254
86255
86256
86257
86258
86259
86260
86261
86311
86312
86313
86314
86315
86316
86317
86318
86319
86320
86321
86322
86323
86324
86325
86326
86327
86328
86329
87001
87002
87003
87004
87005
87006
87007
87008
87009
87010
87011
87012
87013
87014
87015
87016
87017
87018
87019
87020
87021
87022
87023
87024
87025
87026
87027
87028
87029
87030
87031
87032
87033
87034
87035
87101
98007
98008
98009